1 11
15 2
4 10
15 6
19 17
5 14
15 18
18 18
6 15
10 14
5 10
10 18
12 18
8 4
7 12
11 3
17 14
1 17
13 11
10 8
13 11
18 4
1 13
14 14
7 7
12 2
10 13
8 8
16 18
11 8
2 14
2 9
11 1
2 1
9 6
10 14
8 9
14 2
8 4
2 2
5 19
15 8
14 19
1 4
13 2
6 12
8 4
2 19
19 3
4 14
6 11
17 7
19 5
13 13
3 7
7 3
11 9
9 15
14 18
4 18
10 17
11 13
1 11
11 18
16 9
14 18
16 18
15 5
13 2
5 16
11 2
13 18
16 3
2 2
14 5
8 8
11 11
5 6
19 19
8 5
10 5
14 13
13 11
4 13
4 7
9 17
1 6
12 6
5 14
7 11
4 8
9 11
5 11
15 10
9 5
10 6
13 3
7 3
2 5
3 1
